av_carbon_forecast: 64.0
av_mem: 0.0
av_power: 0.0
av_temp: 0.0
av_util: 0.0
end_carbon_forecast: 64.0
end_datetime: '2024-08-09 15:51:45'
max_power_limit: 250.0
name: Tesla V100-PCIE-32GB
start_carbon_forecast: 64.0
start_datetime: '2024-08-09 15:51:34'
total_carbon: 0.003963182222222222
total_energy: 6.192472222222222e-05
total_mem: 32768.0
