av_carbon_forecast: 328.0
end_carbon_forecast: 328.0
end_datetime: '2024-07-31 15:55:16'
max_power_limit: 250.0
name: Tesla V100-PCIE-32GB
start_carbon_forecast: 328.0
start_datetime: '2024-07-31 15:55:12'
total_carbon: 0.013230472222222223
total_energy: 4.033680555555556e-05
total_mem: 32768.0
